areaToNextMap=1,0,1,0;mapName=map2.txt 
999999999999999999999999988888888888888888888888887777777777777777777777777777666666666666666666666666666666666655555555555555555555555555555555555555555555555555555555555555555555555555555555555555555555555555555555555555555555555555555555555555555555555555555555556666666666666666666666666666666666777777777777777777777777777788888888888888888888888889999999999999999999999999999999999999999999999999888888888888888888888888877777777777777777777777777776666666666666666666666666666666666555555555555555555555555555555555555555555555555555555555555555555555555555555555555555555555555555555555555555
999999999999999999999888888888888888888888888877777777777777777777777777766666666666666666666666666666666555555555555555555555555555555555555555555555555555554444444444444444444444444444444444444444444444444444444444444455555555555555555555555555555555555555555555555555555666666666666666666666666666666667777777777777777777777777778888888888888888888888888999999999999999999999999999999999999999999999999988888888888888888888888887777777777777777777777777777766666666666666666666666666666666666655555555555555555555555555555555555555555555555555555555555555555555555555555555555555555555555555555555
999999999999999998888888888888888888888887777777777777777777777777776666666666666666666666666666666555555555555555555555555555555555555555555555544444444444444444444444444444444444444444444444444444444444444444444444444444444444444445555555555555555555555555555555555555555555555666666666666666666666666666666677777777777777777777777777788888888888888888888888899999999999999999999999999999999999999999999999998888888888888888888888888877777777777777777777777777777666666666666666666666666666666666666665555555555555555555555555555555555555555555555555555555555555555555555555555555555555555555555555
999999999999988888888888888888888888877777777777777777777777777666666666666666666666666666666655555555555555555555555555555555555555555444444444444444444444444444444444444444444444444444444444444444444444444444444444444444444444444444444444444555555555555555555555555555555555555555556666666666666666666666666666666777777777777777777777777778888888888888888888888889999999999999999999999999999999999999999999999999888888888888888888888888887777777777777777777777777777777666666666666666666666666666666666666666665555555555555555555555555555555555555555555555555555555555555555555555555555555555555555
999999999888888888888888888888888777777777777777777777777776666666666666666666666666666655555555555555555555555555555555555555444444444444444444444444444444444444444444444444444444444444444444444444444444444444444444444444444444444444444444444444444444555555555555555555555555555555555555556666666666666666666666666666677777777777777777777777777888888888888888888888888999999999999999999999999999999999999999999999999988888888888888888888888888877777777777777777777777777777776666666666666666666666666666666666666666666666555555555555555555555555555555555555555555555555555555555555555555555555555555
999998888888888888888888888887777777777777777777777777666666666666666666666666666665555555555555555555555555555555555554444444444444444444444444444444444444444444444444444444444444444444444444444444444444444444444444444444444444444444444444444444444444444444455555555555555555555555555555555555566666666666666666666666666666777777777777777777777777788888888888888888888888899999999999999999999999999999999999999999999999998888888888888888888888888888777777777777777777777777777777776666666666666666666666666666666666666666666666666666655555555555555555555555555555555555555555555555555555555555555666
988888888888888888888888877777777777777777777777776666666666666666666666666666555555555555555555555555555555555544444444444444444444444444444444444444444444444444444444444444444444444444444444444444444444444444444444444444444444444444444444444444444444444444444444445555555555555555555555555555555555666666666666666666666666666677777777777777777777777778888888888888888888888889999999999999999999999999999999999999999999999999988888888888888888888888888887777777777777777777777777777777777666666666666666666666666666666666666666666666666666666666666666666666665555555555556666666666666666666666666666
888888888888888888888777777777777777777777777766666666666666666666666666655555555555555555555555555555555544444444444444444444444444444444444444444444444444444333333333333333333333333333333333333333333333333333333333333444444444444444444444444444444444444444444444444444445555555555555555555555555555555556666666666666666666666666667777777777777777777777777888888888888888888888888999999999999999999999999999999999999999999999999998888888888888888888888888888777777777777777777777777777777777777666666666666666666666666666666666666666666666666666666666666666666666666666666666666666666666666666666666
888888888888888887777777777777777777777777666666666666666666666666665555555555555555555555555555555544444444444444444444444444444444444444444444443333333333333333333333333333333333333333333333333333333333333333333333333333333333333344444444444444444444444444444444444444444444445555555555555555555555555555555566666666666666666666666666777777777777777777777777788888888888888888888888899999999999999999999999999999999999999999999999999888888888888888888888888888888777777777777777777777777777777777777776666666666666666666666666666666666666666666666666666666666666666666666666666666666666666666666666
888888888888877777777777777777777777776666666666666666666666666655555555555555555555555555555544444444444444444444444444444444444444444433333333333333333333333333333333333333333333333333333333333333333333333333333333333333333333333333333333334444444444444444444444444444444444444444445555555555555555555555555555556666666666666666666666666677777777777777777777777778888888888888888888888889999999999999999999999999999999999999999999999999998888888888888888888888888888887777777777777777777777777777777777777777766666666666666666666666666666666666666666666666666666666666666666666666666666666666666666
888888888777777777777777777777777766666666666666666666666666555555555555555555555555555554444444444444444444444444444444444444443333333333333333333333333333333333333333333333333333333333333333333333333333333333333333333333333333333333333333333333333344444444444444444444444444444444444444455555555555555555555555555555666666666666666666666666667777777777777777777777777888888888888888888888888999999999999999999999999999999999999999999999999999888888888888888888888888888888877777777777777777777777777777777777777777777766666666666666666666666666666666666666666666666666666666666666666666666666666666
888887777777777777777777777777666666666666666666666666655555555555555555555555555555444444444444444444444444444444444444433333333333333333333333333333333333333333333333333333333333333333333333333333333333333333333333333333333333333333333333333333333333333334444444444444444444444444444444444444555555555555555555555555555556666666666666666666666666777777777777777777777777788888888888888888888888899999999999999999999999999999999999999999999999999998888888888888888888888888888888877777777777777777777777777777777777777777777777777666666666666666666666666666666666666666666666666666666666666666666666
887777777777777777777777776666666666666666666666666555555555555555555555555555544444444444444444444444444444444444333333333333333333333333333333333333333333333333333333333333333333333333333333333333333333333333333333333333333333333333333333333333333333333333333333444444444444444444444444444444444445555555555555555555555555555666666666666666666666666677777777777777777777777788888888888888888888888899999999999999999999999999999999999999999999999999999888888888888888888888888888888888877777777777777777777777777777777777777777777777777777777777777666666666666666666666666666666666677777777777777777
777777777777777777777766666666666666666666666665555555555555555555555555555444444444444444444444444444444444333333333333333333333333333333333333333333333333333333333222222222222222222222222222222222222222222222222333333333333333333333333333333333333333333333333333333333444444444444444444444444444444444555555555555555555555555555566666666666666666666666667777777777777777777777778888888888888888888888889999999999999999999999999999999999999999999999999999998888888888888888888888888888888888877777777777777777777777777777777777777777777777777777777777777777777777777777777777777777777777777777777777
777777777777777777766666666666666666666666655555555555555555555555555544444444444444444444444444444444333333333333333333333333333333333333333333333333322222222222222222222222222222222222222222222222222222222222222222222222222223333333333333333333333333333333333333333333333333444444444444444444444444444444445555555555555555555555555556666666666666666666666667777777777777777777777778888888888888888888888888999999999999999999999999999999999999999999999999999999888888888888888888888888888888888888877777777777777777777777777777777777777777777777777777777777777777777777777777777777777777777777777777
777777777777777666666666666666666666666655555555555555555555555555444444444444444444444444444444433333333333333333333333333333333333333333333222222222222222222222222222222222222222222222222222222222222222222222222222222222222222222222222333333333333333333333333333333333333333333334444444444444444444444444444444555555555555555555555555556666666666666666666666666777777777777777777777777888888888888888888888888999999999999999999999999999999999999999999999999999999998888888888888888888888888888888888888887777777777777777777777777777777777777777777777777777777777777777777777777777777777777777777777
777777777777666666666666666666666666555555555555555555555555554444444444444444444444444444443333333333333333333333333333333333333333322222222222222222222222222222222222222222222222222222222222222222222222222222222222222222222222222222222222222223333333333333333333333333333333333333333344444444444444444444444444444455555555555555555555555555666666666666666666666666777777777777777777777777788888888888888888888888899999999999999999999999999999999999999999999999999999999988888888888888888888888888888888888888888877777777777777777777777777777777777777777777777777777777777777777777777777777777777777
777777776666666666666666666666665555555555555555555555555544444444444444444444444444444433333333333333333333333333333333333332222222222222222222222222222222222222222222222222222222222222222222222222222222222222222222222222222222222222222222222222222222233333333333333333333333333333333333334444444444444444444444444444445555555555555555555555555566666666666666666666666677777777777777777777777788888888888888888888888889999999999999999999999999999999999999999999999999999999999888888888888888888888888888888888888888888888877777777777777777777777777777777777777777777777777777777777777777777777777777
777776666666666666666666666665555555555555555555555555544444444444444444444444444443333333333333333333333333333333333332222222222222222222222222222222222222222222222222222222222222222222222222222222222222222222222222222222222222222222222222222222222222222222233333333333333333333333333333333333344444444444444444444444444445555555555555555555555555566666666666666666666666677777777777777777777777788888888888888888888888889999999999999999999999999999999999999999999999999999999999998888888888888888888888888888888888888888888888888888777777777777777777777777777777777777777777777777777777777777777788
766666666666666666666666665555555555555555555555555444444444444444444444444444433333333333333333333333333333333332222222222222222222222222222222222222222222222222222222222222222222222222222222222222222222222222222222222222222222222222222222222222222222222222222222233333333333333333333333333333333334444444444444444444444444444555555555555555555555555566666666666666666666666667777777777777777777777778888888888888888888888888999999999999999999999999999999999999999999999999999999999999988888888888888888888888888888888888888888888888888888888888888887777777777777777777777777777778888888888888888888
666666666666666666666655555555555555555555555554444444444444444444444444444333333333333333333333333333333333222222222222222222222222222222222222222222222222222222222211111111111111111111111111111111111111111111112222222222222222222222222222222222222222222222222222222222333333333333333333333333333333333444444444444444444444444444455555555555555555555555556666666666666666666666667777777777777777777777778888888888888888888888888999999999999999999999999999999999999999999999999999999999999999988888888888888888888888888888888888888888888888888888888888888888888888888888888888888888888888888888888888
666666666666666666655555555555555555555555554444444444444444444444444443333333333333333333333333333333322222222222222222222222222222222222222222222222222111111111111111111111111111111111111111111111111111111111111111111111111222222222222222222222222222222222222222222222222223333333333333333333333333333333344444444444444444444444444455555555555555555555555556666666666666666666666667777777777777777777777778888888888888888888888888899999999999999999999999999999999999999999999999999999999999999999888888888888888888888888888888888888888888888888888888888888888888888888888888888888888888888888888888
666666666666666655555555555555555555555554444444444444444444444444443333333333333333333333333333333222222222222222222222222222222222222222222222111111111111111111111111111111111111111111111111111111111111111111111111111111111111111111222222222222222222222222222222222222222222222333333333333333333333333333333344444444444444444444444444455555555555555555555555556666666666666666666666667777777777777777777777778888888888888888888888888899999999999999999999999999999999999999999999999999999999999999999999888888888888888888888888888888888888888888888888888888888888888888888888888888888888888888888888
666666666666655555555555555555555555554444444444444444444444444433333333333333333333333333333332222222222222222222222222222222222222222221111111111111111111111111111111111111111111111111111111111111111111111111111111111111111111111111111111122222222222222222222222222222222222222222233333333333333333333333333333334444444444444444444444444455555555555555555555555556666666666666666666666667777777777777777777777778888888888888888888888888899999999999999999999999999999999999999999999999999999999999999999999999888888888888888888888888888888888888888888888888888888888888888888888888888888888888888888
666666666655555555555555555555555554444444444444444444444444433333333333333333333333333333322222222222222222222222222222222222222211111111111111111111111111111111111111111111111111111111111111111111111111111111111111111111111111111111111111111111112222222222222222222222222222222222222223333333333333333333333333333334444444444444444444444444455555555555555555555555556666666666666666666666667777777777777777777777778888888888888888888888888889999999999999999999999999999999999999999999999999999999999999999999999999988888888888888888888888888888888888888888888888888888888888888888888888888888888888
666666665555555555555555555555554444444444444444444444444433333333333333333333333333333222222222222222222222222222222222222221111111111111111111111111111111111111111111111111111111111111111111111111111111111111111111111111111111111111111111111111111111122222222222222222222222222222222222222333333333333333333333333333334444444444444444444444444455555555555555555555555566666666666666666666666677777777777777777777777778888888888888888888888888889999999999999999999999999999999999999999999999999999999999999999999999999999998888888888888888888888888888888888888888888888888888888888888888888888888888
666665555555555555555555555554444444444444444444444444433333333333333333333333333333222222222222222222222222222222222222111111111111111111111111111111111111111111111111111111111111111111111111111111111111111111111111111111111111111111111111111111111111111111222222222222222222222222222222222222333333333333333333333333333334444444444444444444444444455555555555555555555555566666666666666666666666677777777777777777777777778888888888888888888888888889999999999999999999999999999999999999999999999999999999999999999999999999999999999998888888888888888888888888888888888888888888888888888888888888888889
666555555555555555555555555444444444444444444444444433333333333333333333333333332222222222222222222222222222222222211111111111111111111111111111111111111111111111111111111111111111111111111111111111111111111111111111111111111111111111111111111111111111111111111112222222222222222222222222222222222233333333333333333333333333334444444444444444444444444555555555555555555555555666666666666666666666666677777777777777777777777778888888888888888888888888889999999999999999999999999999999999999999999999999999999999999999999999999999999999999999999988888888888888888888888888888888888888888888999999999999
555555555555555555555555444444444444444444444444433333333333333333333333333332222222222222222222222222222222222111111111111111111111111111111111111111111111111111111111111111111110000000000000000000011111111111111111111111111111111111111111111111111111111111111111111222222222222222222222222222222222233333333333333333333333333334444444444444444444444444555555555555555555555555666666666666666666666666777777777777777777777777788888888888888888888888888889999999999999999999999999999999999999999999999999999999999999999999999999999999999999999999999999999999999999999999999999999999999999999999999999
555555555555555555555544444444444444444444444443333333333333333333333333332222222222222222222222222222222221111111111111111111111111111111111111111111111111111111100000000000000000000000000000000000000000000000000001111111111111111111111111111111111111111111111111111111122222222222222222222222222222222233333333333333333333333333344444444444444444444444445555555555555555555555556666666666666666666666667777777777777777777777777788888888888888888888888888889999999999999999999999999999999999999999999999999999999999999999999999999999999999999999999999999999999999999999999999999999999999999999999999
555555555555555555554444444444444444444444444333333333333333333333333333222222222222222222222222222222221111111111111111111111111111111111111111111111111100000000000000000000000000000000000000000000000000000000000000000000001111111111111111111111111111111111111111111111111122222222222222222222222222222222333333333333333333333333333444444444444444444444444455555555555555555555555566666666666666666666666667777777777777777777777777888888888888888888888888888889999999999999999999999999999999999999999999999999999999999999999999999999999999999999999999999999999999999999999999999999999999999999999999
555555555555555554444444444444444444444444333333333333333333333333333222222222222222222222222222222221111111111111111111111111111111111111111111111100000000000000000000000000000000000000000000000000000000000000000000000000000000001111111111111111111111111111111111111111111111122222222222222222222222222222222333333333333333333333333333444444444444444444444444455555555555555555555555566666666666666666666666677777777777777777777777777888888888888888888888888888889999999999999999999999999999999999999999999999999999999999999999999999999999999999999999999999999999999999999999999999999999999999999999
555555555555555444444444444444444444444433333333333333333333333333322222222222222222222222222222221111111111111111111111111111111111111111111100000000000000000000000000000000000000000000000000000000000000000000000000000000000000000000001111111111111111111111111111111111111111111122222222222222222222222222222223333333333333333333333333334444444444444444444444444555555555555555555555555666666666666666666666666777777777777777777777777778888888888888888888888888888889999999999999999999999999999999999999999999999999999999999999999999999999999999999999999999999999999999999999999999999999999999999999
555555555555554444444444444444444444443333333333333333333333333332222222222222222222222222222221111111111111111111111111111111111111111110000000000000000000000000000000000000000000000000000000000000000000000000000000000000000000000000000000011111111111111111111111111111111111111111122222222222222222222222222222233333333333333333333333333344444444444444444444444455555555555555555555555566666666666666666666666667777777777777777777777777788888888888888888888888888888899999999999999999999999999999999999999999999999999999999999999999999999999999999999999999999999999999999999999999999999999999999999
555555555555444444444444444444444444333333333333333333333333333222222222222222222222222222222111111111111111111111111111111111111111100000000000000000000000000000000000000000000000000000000000000000000000000000000000000000000000000000000000000001111111111111111111111111111111111111111222222222222222222222222222222333333333333333333333333333444444444444444444444444555555555555555555555555666666666666666666666666677777777777777777777777777888888888888888888888888888888899999999999999999999999999999999999999999999999999999999999999999999999999999999999999999999999999999999999999999999999999999999
555555555544444444444444444444444443333333333333333333333333322222222222222222222222222222111111111111111111111111111111111111111100000000000000000000000000000000000000000000000000000000000000000000000000000000000000000000000000000000000000000000001111111111111111111111111111111111111111222222222222222222222222222223333333333333333333333333344444444444444444444444445555555555555555555555556666666666666666666666666777777777777777777777777778888888888888888888888888888888999999999999999999999999999999999999999999999999999999999999999999999999999999999999999999999999999999999999999999999999999999
555555555444444444444444444444444333333333333333333333333332222222222222222222222222222211111111111111111111111111111111111111100000000000000000000000000000000000000000000000000000000000000000000000000000000000000000000000000000000000000000000000000001111111111111111111111111111111111111112222222222222222222222222222233333333333333333333333333444444444444444444444444555555555555555555555555666666666666666666666666677777777777777777777777777788888888888888888888888888888889999999999999999999999999999999999999999999999999999999999999999999999999999999999999999999999999999999999999999999999999999
555555544444444444444444444444443333333333333333333333333222222222222222222222222222221111111111111111111111111111111111111100000000000000000000000000000000000000000000000000000000000000000000000000000000000000000000000000000000000000000000000000000000001111111111111111111111111111111111111122222222222222222222222222222333333333333333333333333344444444444444444444444445555555555555555555555556666666666666666666666666777777777777777777777777778888888888888888888888888888888899999999999999999999999999999999999999999999999999999999999999999999999999999999999999999999999999999999999999999999999999
555555444444444444444444444444333333333333333333333333332222222222222222222222222222211111111111111111111111111111111111100000000000000000000000000000000000000000000000000000000000000000000000000000000000000000000000000000000000000000000000000000000000000001111111111111111111111111111111111112222222222222222222222222222233333333333333333333333333444444444444444444444444555555555555555555555555666666666666666666666666677777777777777777777777777788888888888888888888888888888888999999999999999999999999999999999999999999999999999999999999999999999999999999999999999999999999999999999999999999999999
555554444444444444444444444443333333333333333333333333322222222222222222222222222221111111111111111111111111111111111110000000000000000000000000000000000000000000000000000000000000000000000000000000000000000000000000000000000000000000000000000000000000000000011111111111111111111111111111111111122222222222222222222222222223333333333333333333333333344444444444444444444444455555555555555555555555566666666666666666666666667777777777777777777777777778888888888888888888888888888888889999999999999999999999999999999999999999999999999999999999999999999999999999999999999999999999999999999999999999999999
555544444444444444444444444433333333333333333333333333222222222222222222222222222211111111111111111111111111111111111100000000000000000000000000000000000000000000000000000000000000000000000000000000000000000000000000000000000000000000000000000000000000000000001111111111111111111111111111111111112222222222222222222222222222333333333333333333333333334444444444444444444444445555555555555555555555556666666666666666666666666777777777777777777777777777788888888888888888888888888888888999999999999999999999999999999999999999999999999999999999999999999999999999999999999999999999999999999999999999999999
555444444444444444444444444333333333333333333333333332222222222222222222222222222111111111111111111111111111111111110000000000000000000000000000000000000000000000000000000000000000000000000000000000000000000000000000000000000000000000000000000000000000000000000011111111111111111111111111111111111222222222222222222222222222233333333333333333333333333444444444444444444444444555555555555555555555555666666666666666666666666677777777777777777777777777778888888888888888888888888888888889999999999999999999999999999999999999999999999999999999999999999999999999999999999999999999999999999999999999999999
554444444444444444444444443333333333333333333333333322222222222222222222222222221111111111111111111111111111111111100000000000000000000000000000000000000000000000000000000000000000000000000000000000000000000000000000000000000000000000000000000000000000000000000001111111111111111111111111111111111122222222222222222222222222223333333333333333333333333344444444444444444444444455555555555555555555555566666666666666666666666667777777777777777777777777777888888888888888888888888888888888999999999999999999999999999999999999999999999999999999999999999999999999999999999999999999999999999999999999999999
554444444444444444444444443333333333333333333333333222222222222222222222222222211111111111111111111111111111111111000000000000000000000000000000000000000000000000000000000000000000000000000000000000000000000000000000000000000000000000000000000000000000000000000000111111111111111111111111111111111112222222222222222222222222222333333333333333333333333344444444444444444444444455555555555555555555555566666666666666666666666666777777777777777777777777777888888888888888888888888888888888899999999999999999999999999999999999999999999999999999999999999999999999999999999999999999999999999999999999999999
544444444444444444444444433333333333333333333333333222222222222222222222222222211111111111111111111111111111111110000000000000000000000000000000000000000000000000000000000000000000000000000000000000000000000000000000000000000000000000000000000000000000000000000000011111111111111111111111111111111112222222222222222222222222222333333333333333333333333334444444444444444444444445555555555555555555555556666666666666666666666666777777777777777777777777777788888888888888888888888888888888889999999999999999999999999999999999999999999999999999999999999999999999999999999999999999999999999999999999999999
544444444444444444444444433333333333333333333333332222222222222222222222222222111111111111111111111111111111111100000000000000000000000000000000000000000000000000000000000000000000000000000000000000000000000000000000000000000000000000000000000000000000000000000000001111111111111111111111111111111111222222222222222222222222222233333333333333333333333334444444444444444444444445555555555555555555555556666666666666666666666666677777777777777777777777777788888888888888888888888888888888889999999999999999999999999999999999999999999999999999999999999999999999999999999999999999999999999999999999999999
544444444444444444444444433333333333333333333333332222222222222222222222222222111111111111111111111111111111111100000000000000000000000000000000000000000000000000000000000000000000000000000000000000000000000000000000000000000000000000000000000000000000000000000000001111111111111111111111111111111111222222222222222222222222222233333333333333333333333334444444444444444444444445555555555555555555555555666666666666666666666666677777777777777777777777777778888888888888888888888888888888888999999999999999999999999999999999999999999999999999999999999999999999999999999999999999999999999999999999999999
544444444444444444444444433333333333333333333333332222222222222222222222222222111111111111111111111111111111111100000000000000000000000000000000000000000000000000000000000000000000000000000000000000000000000000000000000000000000000000000000000000000000000000000000001111111111111111111111111111111111222222222222222222222222222233333333333333333333333334444444444444444444444445555555555555555555555555666666666666666666666666677777777777777777777777777778888888888888888888888888888888888999999999999999999999999999999999999999999999999999999999999999999999999999999999999999999999999999999999999999
544444444444444444444444433333333333333333333333332222222222222222222222222222111111111111111111111111111111111100000000000000000000000000000000000000000000000000000000000000000000000000000000000000000000000000000000000000000000000000000000000000000000000000000000001111111111111111111111111111111111222222222222222222222222222233333333333333333333333334444444444444444444444445555555555555555555555555666666666666666666666666677777777777777777777777777778888888888888888888888888888888888999999999999999999999999999999999999999999999999999999999999999999999999999999999999999999999999999999999999999
544444444444444444444444433333333333333333333333332222222222222222222222222222111111111111111111111111111111111100000000000000000000000000000000000000000000000000000000000000000000000000000000000000000000000000000000000000000000000000000000000000000000000000000000001111111111111111111111111111111111222222222222222222222222222233333333333333333333333334444444444444444444444445555555555555555555555556666666666666666666666666677777777777777777777777777788888888888888888888888888888888889999999999999999999999999999999999999999999999999999999999999999999999999999999999999999999999999999999999999999
544444444444444444444444433333333333333333333333332222222222222222222222222222111111111111111111111111111111111110000000000000000000000000000000000000000000000000000000000000000000000000000000000000000000000000000000000000000000000000000000000000000000000000000000011111111111111111111111111111111111222222222222222222222222222233333333333333333333333334444444444444444444444445555555555555555555555556666666666666666666666666777777777777777777777777777788888888888888888888888888888888889999999999999999999999999999999999999999999999999999999999999999999999999999999999999999999999999999999999999999
554444444444444444444444443333333333333333333333333222222222222222222222222222211111111111111111111111111111111110000000000000000000000000000000000000000000000000000000000000000000000000000000000000000000000000000000000000000000000000000000000000000000000000000000011111111111111111111111111111111112222222222222222222222222222333333333333333333333333344444444444444444444444455555555555555555555555556666666666666666666666666777777777777777777777777777888888888888888888888888888888888899999999999999999999999999999999999999999999999999999999999999999999999999999999999999999999999999999999999999999
554444444444444444444444443333333333333333333333333322222222222222222222222222221111111111111111111111111111111111000000000000000000000000000000000000000000000000000000000000000000000000000000000000000000000000000000000000000000000000000000000000000000000000000000111111111111111111111111111111111122222222222222222222222222223333333333333333333333333344444444444444444444444455555555555555555555555566666666666666666666666667777777777777777777777777777888888888888888888888888888888888999999999999999999999999999999999999999999999999999999999999999999999999999999999999999999999999999999999999999999
555444444444444444444444444333333333333333333333333322222222222222222222222222222111111111111111111111111111111111110000000000000000000000000000000000000000000000000000000000000000000000000000000000000000000000000000000000000000000000000000000000000000000000000011111111111111111111111111111111111222222222222222222222222222223333333333333333333333333444444444444444444444444555555555555555555555555666666666666666666666666677777777777777777777777777778888888888888888888888888888888889999999999999999999999999999999999999999999999999999999999999999999999999999999999999999999999999999999999999999999
555544444444444444444444444433333333333333333333333332222222222222222222222222222211111111111111111111111111111111111000000000000000000000000000000000000000000000000000000000000000000000000000000000000000000000000000000000000000000000000000000000000000000000000111111111111111111111111111111111112222222222222222222222222222233333333333333333333333334444444444444444444444445555555555555555555555556666666666666666666666666777777777777777777777777777788888888888888888888888888888888899999999999999999999999999999999999999999999999999999999999999999999999999999999999999999999999999999999999999999999
555554444444444444444444444443333333333333333333333333222222222222222222222222222221111111111111111111111111111111111110000000000000000000000000000000000000000000000000000000000000000000000000000000000000000000000000000000000000000000000000000000000000000000011111111111111111111111111111111111122222222222222222222222222222333333333333333333333333344444444444444444444444455555555555555555555555566666666666666666666666667777777777777777777777777777888888888888888888888888888888889999999999999999999999999999999999999999999999999999999999999999999999999999999999999999999999999999999999999999999999
555555444444444444444444444444333333333333333333333333332222222222222222222222222222111111111111111111111111111111111111100000000000000000000000000000000000000000000000000000000000000000000000000000000000000000000000000000000000000000000000000000000000000001111111111111111111111111111111111111222222222222222222222222222233333333333333333333333333444444444444444444444444555555555555555555555555666666666666666666666666677777777777777777777777777788888888888888888888888888888888999999999999999999999999999999999999999999999999999999999999999999999999999999999999999999999999999999999999999999999999
555555544444444444444444444444433333333333333333333333333222222222222222222222222222221111111111111111111111111111111111111000000000000000000000000000000000000000000000000000000000000000000000000000000000000000000000000000000000000000000000000000000000000111111111111111111111111111111111111122222222222222222222222222222333333333333333333333333334444444444444444444444445555555555555555555555556666666666666666666666666777777777777777777777777777888888888888888888888888888888889999999999999999999999999999999999999999999999999999999999999999999999999999999999999999999999999999999999999999999999999
555555554444444444444444444444444333333333333333333333333332222222222222222222222222222211111111111111111111111111111111111111000000000000000000000000000000000000000000000000000000000000000000000000000000000000000000000000000000000000000000000000000000111111111111111111111111111111111111112222222222222222222222222222233333333333333333333333333444444444444444444444444455555555555555555555555566666666666666666666666677777777777777777777777777788888888888888888888888888888888999999999999999999999999999999999999999999999999999999999999999999999999999999999999999999999999999999999999999999999999999
555555555544444444444444444444444433333333333333333333333333222222222222222222222222222222111111111111111111111111111111111111111000000000000000000000000000000000000000000000000000000000000000000000000000000000000000000000000000000000000000000000000111111111111111111111111111111111111111222222222222222222222222222222333333333333333333333333334444444444444444444444445555555555555555555555556666666666666666666666666777777777777777777777777778888888888888888888888888888888999999999999999999999999999999999999999999999999999999999999999999999999999999999999999999999999999999999999999999999999999999
555555555554444444444444444444444444333333333333333333333333332222222222222222222222222222221111111111111111111111111111111111111111000000000000000000000000000000000000000000000000000000000000000000000000000000000000000000000000000000000000000000111111111111111111111111111111111111111122222222222222222222222222222233333333333333333333333333444444444444444444444444455555555555555555555555566666666666666666666666677777777777777777777777777788888888888888888888888888888899999999999999999999999999999999999999999999999999999999999999999999999999999999999999999999999999999999999999999999999999999999
555555555555544444444444444444444444443333333333333333333333333322222222222222222222222222222211111111111111111111111111111111111111111100000000000000000000000000000000000000000000000000000000000000000000000000000000000000000000000000000000001111111111111111111111111111111111111111112222222222222222222222222222223333333333333333333333333344444444444444444444444445555555555555555555555556666666666666666666666667777777777777777777777777778888888888888888888888888888889999999999999999999999999999999999999999999999999999999999999999999999999999999999999999999999999999999999999999999999999999999999
555555555555555444444444444444444444444433333333333333333333333333222222222222222222222222222222211111111111111111111111111111111111111111111000000000000000000000000000000000000000000000000000000000000000000000000000000000000000000000000111111111111111111111111111111111111111111112222222222222222222222222222222333333333333333333333333334444444444444444444444444555555555555555555555555666666666666666666666666777777777777777777777777777888888888888888888888888888889999999999999999999999999999999999999999999999999999999999999999999999999999999999999999999999999999999999999999999999999999999999999
555555555555555554444444444444444444444444333333333333333333333333332222222222222222222222222222222211111111111111111111111111111111111111111111110000000000000000000000000000000000000000000000000000000000000000000000000000000000000011111111111111111111111111111111111111111111112222222222222222222222222222222333333333333333333333333333444444444444444444444444455555555555555555555555566666666666666666666666677777777777777777777777777888888888888888888888888888888999999999999999999999999999999999999999999999999999999999999999999999999999999999999999999999999999999999999999999999999999999999999999
555555555555555555544444444444444444444444443333333333333333333333333332222222222222222222222222222222211111111111111111111111111111111111111111111111110000000000000000000000000000000000000000000000000000000000000000000000000111111111111111111111111111111111111111111111111112222222222222222222222222222222233333333333333333333333333344444444444444444444444445555555555555555555555556666666666666666666666667777777777777777777777777788888888888888888888888888888999999999999999999999999999999999999999999999999999999999999999999999999999999999999999999999999999999999999999999999999999999999999999999
555555555555555555555444444444444444444444444433333333333333333333333333332222222222222222222222222222222211111111111111111111111111111111111111111111111111111110000000000000000000000000000000000000000000000000000000011111111111111111111111111111111111111111111111111111112222222222222222222222222222222233333333333333333333333333334444444444444444444444444555555555555555555555555666666666666666666666666777777777777777777777777778888888888888888888888888888999999999999999999999999999999999999999999999999999999999999999999999999999999999999999999999999999999999999999999999999999999999999999999999
555555555555555555555555444444444444444444444444433333333333333333333333333322222222222222222222222222222222221111111111111111111111111111111111111111111111111111111111111110000000000000000000000000000000011111111111111111111111111111111111111111111111111111111111111122222222222222222222222222222222223333333333333333333333333334444444444444444444444444555555555555555555555555566666666666666666666666677777777777777777777777778888888888888888888888888888999999999999999999999999999999999999999999999999999999999999999999999999999999999999999999999999999999999999999999999999999999999999999999999999
665555555555555555555555554444444444444444444444444333333333333333333333333333322222222222222222222222222222222222111111111111111111111111111111111111111111111111111111111111111111111111111111111111111111111111111111111111111111111111111111111111111111111111111111222222222222222222222222222222222223333333333333333333333333333444444444444444444444444455555555555555555555555566666666666666666666666677777777777777777777777778888888888888888888888888888999999999999999999999999999999999999999999999999999999999999999999999999999999999999999999999998888888888888888888888888888888888889999999999999999
666655555555555555555555555554444444444444444444444444333333333333333333333333333332222222222222222222222222222222222221111111111111111111111111111111111111111111111111111111111111111111111111111111111111111111111111111111111111111111111111111111111111111111122222222222222222222222222222222222233333333333333333333333333333444444444444444444444444455555555555555555555555556666666666666666666666667777777777777777777777777888888888888888888888888888999999999999999999999999999999999999999999999999999999999999999999999999999999999999988888888888888888888888888888888888888888888888888888888888888999
666666655555555555555555555555544444444444444444444444444333333333333333333333333333332222222222222222222222222222222222222111111111111111111111111111111111111111111111111111111111111111111111111111111111111111111111111111111111111111111111111111111111111222222222222222222222222222222222222233333333333333333333333333333444444444444444444444444445555555555555555555555556666666666666666666666667777777777777777777777777888888888888888888888888888999999999999999999999999999999999999999999999999999999999999999999999999999999988888888888888888888888888888888888888888888888888888888888888888888888888
666666666655555555555555555555555544444444444444444444444444333333333333333333333333333333222222222222222222222222222222222222222111111111111111111111111111111111111111111111111111111111111111111111111111111111111111111111111111111111111111111111111222222222222222222222222222222222222222333333333333333333333333333333444444444444444444444444445555555555555555555555556666666666666666666666667777777777777777777777777888888888888888888888888888999999999999999999999999999999999999999999999999999999999999999999999999999888888888888888888888888888888888888888888888888888888888888888888888888888888888
666666666666655555555555555555555555544444444444444444444444444333333333333333333333333333333322222222222222222222222222222222222222222111111111111111111111111111111111111111111111111111111111111111111111111111111111111111111111111111111111111222222222222222222222222222222222222222223333333333333333333333333333333444444444444444444444444445555555555555555555555556666666666666666666666667777777777777777777777777888888888888888888888888889999999999999999999999999999999999999999999999999999999999999999999999998888888888888888888888888888888888888888888888888888888888888888888888888888888888888888
666666666666666555555555555555555555555544444444444444444444444444433333333333333333333333333333332222222222222222222222222222222222222222222211111111111111111111111111111111111111111111111111111111111111111111111111111111111111111111112222222222222222222222222222222222222222222233333333333333333333333333333334444444444444444444444444445555555555555555555555555666666666666666666666666777777777777777777777777888888888888888888888888889999999999999999999999999999999999999999999999999999999999999999999988888888888888888888888888888888888888888888888888888888888888888888888888888888888888888888888
666666666666666666655555555555555555555555544444444444444444444444444433333333333333333333333333333333222222222222222222222222222222222222222222222222211111111111111111111111111111111111111111111111111111111111111111111111111112222222222222222222222222222222222222222222222222333333333333333333333333333333334444444444444444444444444445555555555555555555555556666666666666666666666666777777777777777777777777888888888888888888888888889999999999999999999999999999999999999999999999999999999999999999998888888888888888888888888888888888888888888888888888888888888888888888888888888888888888888888888888
666666666666666666666655555555555555555555555554444444444444444444444444443333333333333333333333333333333332222222222222222222222222222222222222222222222222222222111111111111111111111111111111111111111111111111111111222222222222222222222222222222222222222222222222222222233333333333333333333333333333333344444444444444444444444444455555555555555555555555556666666666666666666666667777777777777777777777777888888888888888888888888899999999999999999999999999999999999999999999999999999999999999998888888888888888888888888888888888888888888888888888888888888888888888888888888888888888888888888888888888
766666666666666666666666655555555555555555555555554444444444444444444444444444333333333333333333333333333333333322222222222222222222222222222222222222222222222222222222222222222222222222222222222222222222222222222222222222222222222222222222222222222222222222222222223333333333333333333333333333333333444444444444444444444444444455555555555555555555555556666666666666666666666667777777777777777777777778888888888888888888888888899999999999999999999999999999999999999999999999999999999999998888888888888888888888888888888888888888888888888888888888888888888888877777777777777888888888888888888888888888
777766666666666666666666666655555555555555555555555555444444444444444444444444444433333333333333333333333333333333333322222222222222222222222222222222222222222222222222222222222222222222222222222222222222222222222222222222222222222222222222222222222222222222223333333333333333333333333333333333334444444444444444444444444444555555555555555555555555556666666666666666666666667777777777777777777777778888888888888888888888888999999999999999999999999999999999999999999999999999999999999888888888888888888888888888888888888888888888888888888777777777777777777777777777777777777777777777777777777777788888
777777766666666666666666666666665555555555555555555555555444444444444444444444444444443333333333333333333333333333333333333322222222222222222222222222222222222222222222222222222222222222222222222222222222222222222222222222222222222222222222222222222222223333333333333333333333333333333333333344444444444444444444444444444555555555555555555555555566666666666666666666666667777777777777777777777778888888888888888888888888999999999999999999999999999999999999999999999999999999999988888888888888888888888888888888888888888888888877777777777777777777777777777777777777777777777777777777777777777777777777
777777777776666666666666666666666665555555555555555555555555544444444444444444444444444444433333333333333333333333333333333333333332222222222222222222222222222222222222222222222222222222222222222222222222222222222222222222222222222222222222222222233333333333333333333333333333333333333334444444444444444444444444444445555555555555555555555555566666666666666666666666677777777777777777777777788888888888888888888888889999999999999999999999999999999999999999999999999999999998888888888888888888888888888888888888888888777777777777777777777777777777777777777777777777777777777777777777777777777777777777
777777777777776666666666666666666666666555555555555555555555555554444444444444444444444444444444333333333333333333333333333333333333333333322222222222222222222222222222222222222222222222222222222222222222222222222222222222222222222222222223333333333333333333333333333333333333333333444444444444444444444444444444455555555555555555555555555666666666666666666666666677777777777777777777777788888888888888888888888899999999999999999999999999999999999999999999999999999999888888888888888888888888888888888888888877777777777777777777777777777777777777777777777777777777777777777777777777777777777777777777
777777777777777777666666666666666666666666555555555555555555555555555444444444444444444444444444444443333333333333333333333333333333333333333333333322222222222222222222222222222222222222222222222222222222222222222222222222222222223333333333333333333333333333333333333333333333344444444444444444444444444444444555555555555555555555555555666666666666666666666666777777777777777777777777888888888888888888888888899999999999999999999999999999999999999999999999999999998888888888888888888888888888888888888777777777777777777777777777777777777777777777777777777777777777777777777777777777777777777777777777
777777777777777777777666666666666666666666666655555555555555555555555555554444444444444444444444444444444433333333333333333333333333333333333333333333333333333332222222222222222222222222222222222222222222222222222222233333333333333333333333333333333333333333333333333333334444444444444444444444444444444455555555555555555555555555556666666666666666666666666777777777777777777777777888888888888888888888888999999999999999999999999999999999999999999999999999999888888888888888888888888888888888887777777777777777777777777777777777777777777777777777777777777777777777777777777777777777777777777777777777
877777777777777777777777766666666666666666666666665555555555555555555555555555444444444444444444444444444444444433333333333333333333333333333333333333333333333333333333333333333333333333333333333333333333333333333333333333333333333333333333333333333333333333333333334444444444444444444444444444444444555555555555555555555555555566666666666666666666666667777777777777777777777778888888888888888888888889999999999999999999999999999999999999999999999999999988888888888888888888888888888888887777777777777777777777777777777777777777777777777777777777777777777776666666666666666667777777777777777777777777
888887777777777777777777777776666666666666666666666666555555555555555555555555555554444444444444444444444444444444444443333333333333333333333333333333333333333333333333333333333333333333333333333333333333333333333333333333333333333333333333333333333333333333344444444444444444444444444444444444455555555555555555555555555555666666666666666666666666677777777777777777777777788888888888888888888888889999999999999999999999999999999999999999999999999999888888888888888888888888888888887777777777777777777777777777777777777777777777777777766666666666666666666666666666666666666666666666666666666666666777
888888887777777777777777777777777666666666666666666666666665555555555555555555555555555544444444444444444444444444444444444444333333333333333333333333333333333333333333333333333333333333333333333333333333333333333333333333333333333333333333333333333333444444444444444444444444444444444444445555555555555555555555555555566666666666666666666666666777777777777777777777777788888888888888888888888899999999999999999999999999999999999999999999999999988888888888888888888888888888888777777777777777777777777777777777777777777777666666666666666666666666666666666666666666666666666666666666666666666666666666
888888888888777777777777777777777777766666666666666666666666666555555555555555555555555555555444444444444444444444444444444444444444443333333333333333333333333333333333333333333333333333333333333333333333333333333333333333333333333333333333333344444444444444444444444444444444444444444555555555555555555555555555555666666666666666666666666667777777777777777777777777888888888888888888888888999999999999999999999999999999999999999999999999999888888888888888888888888888888777777777777777777777777777777777777777777666666666666666666666666666666666666666666666666666666666666666666666666666666666666666
888888888888888877777777777777777777777776666666666666666666666666655555555555555555555555555555554444444444444444444444444444444444444444444443333333333333333333333333333333333333333333333333333333333333333333333333333333333333333333344444444444444444444444444444444444444444444455555555555555555555555555555556666666666666666666666666677777777777777777777777778888888888888888888888889999999999999999999999999999999999999999999999999988888888888888888888888888888877777777777777777777777777777777777777666666666666666666666666666666666666666666666666666666666666666666666666666666666666666666666666
888888888888888888887777777777777777777777777666666666666666666666666666555555555555555555555555555555554444444444444444444444444444444444444444444444444443333333333333333333333333333333333333333333333333333333333333333333344444444444444444444444444444444444444444444444444455555555555555555555555555555555666666666666666666666666666777777777777777777777777788888888888888888888888899999999999999999999999999999999999999999999999999888888888888888888888888888887777777777777777777777777777777777776666666666666666666666666666666666666666666666666666666666666666666666666666666666666666666666666666666
888888888888888888888888777777777777777777777777766666666666666666666666666665555555555555555555555555555555554444444444444444444444444444444444444444444444444444444444444444433333333333333333333333333334444444444444444444444444444444444444444444444444444444444444444455555555555555555555555555555555566666666666666666666666666667777777777777777777777777888888888888888888888888999999999999999999999999999999999999999999999999998888888888888888888888888888777777777777777777777777777777777766666666666666666666666666666666666666666666666666666666666666666666666666666666666666666666666666666666666666
999988888888888888888888888877777777777777777777777776666666666666666666666666666655555555555555555555555555555555555444444444444444444444444444444444444444444444444444444444444444444444444444444444444444444444444444444444444444444444444444444444444444444444444555555555555555555555555555555555556666666666666666666666666666677777777777777777777777778888888888888888888888889999999999999999999999999999999999999999999999999888888888888888888888888888877777777777777777777777777777777766666666666666666666666666666666666666666666666666666665555555555555555555555555555555555555555555555555555556666666
999999998888888888888888888888887777777777777777777777777766666666666666666666666666666555555555555555555555555555555555555544444444444444444444444444444444444444444444444444444444444444444444444444444444444444444444444444444444444444444444444444444444445555555555555555555555555555555555555666666666666666666666666666667777777777777777777777777788888888888888888888888899999999999999999999999999999999999999999999999998888888888888888888888888887777777777777777777777777777777766666666666666666666666666666666666666666666666555555555555555555555555555555555555555555555555555555555555555555555555555
999999999999888888888888888888888888777777777777777777777777776666666666666666666666666666665555555555555555555555555555555555555555544444444444444444444444444444444444444444444444444444444444444444444444444444444444444444444444444444444444444445555555555555555555555555555555555555555566666666666666666666666666666677777777777777777777777777888888888888888888888888999999999999999999999999999999999999999999999999988888888888888888888888888777777777777777777777777777777766666666666666666666666666666666666666666655555555555555555555555555555555555555555555555555555555555555555555555555555555555555
999999999999999988888888888888888888888877777777777777777777777777766666666666666666666666666666665555555555555555555555555555555555555555555544444444444444444444444444444444444444444444444444444444444444444444444444444444444444444444445555555555555555555555555555555555555555555566666666666666666666666666666667777777777777777777777777778888888888888888888888889999999999999999999999999999999999999999999999999888888888888888888888888887777777777777777777777777777766666666666666666666666666666666666666655555555555555555555555555555555555555555555555555555555555555555555555555555555555555555555555
999999999999999999998888888888888888888888887777777777777777777777777777666666666666666666666666666666665555555555555555555555555555555555555555555555555544444444444444444444444444444444444444444444444444444444444444444444445555555555555555555555555555555555555555555555555566666666666666666666666666666666777777777777777777777777777788888888888888888888888899999999999999999999999999999999999999999999999998888888888888888888888888777777777777777777777777777776666666666666666666666666666666666666555555555555555555555555555555555555555555555555555555555555555555555555555555555555555555555555555555
999999999999999999999999888888888888888888888888877777777777777777777777777766666666666666666666666666666666665555555555555555555555555555555555555555555555555555555555555555444444444444444444444444444444555555555555555555555555555555555555555555555555555555555555555566666666666666666666666666666666667777777777777777777777777778888888888888888888888888999999999999999999999999999999999999999999999999988888888888888888888888887777777777777777777777777777666666666666666666666666666666666655555555555555555555555555555555555555555555555555555555555555555555555555555555555555555555555555555555555555
999999999999999999999999999988888888888888888888888887777777777777777777777777777766666666666666666666666666666666666555555555555555555555555555555555555555555555555555555555555555555555555555555555555555555555555555555555555555555555555555555555555555555555555666666666666666666666666666666666667777777777777777777777777777788888888888888888888888889999999999999999999999999999999999999999999999999888888888888888888888888877777777777777777777777777766666666666666666666666666666666655555555555555555555555555555555555555555555555555555554444444444444444444444444444444444444444444444444444445555555
999999999999999999999999999999998888888888888888888888888877777777777777777777777777777666666666666666666666666666666666666655555555555555555555555555555555555555555555555555555555555555555555555555555555555555555555555555555555555555555555555555555555556666666666666666666666666666666666666777777777777777777777777777778888888888888888888888888899999999999999999999999999999999999999999999999998888888888888888888888887777777777777777777777777776666666666666666666666666666666655555555555555555555555555555555555555555555555444444444444444444444444444444444444444444444444444444444444444444444444444
999999999999999999999999999999999999888888888888888888888888887777777777777777777777777777776666666666666666666666666666666666666666655555555555555555555555555555555555555555555555555555555555555555555555555555555555555555555555555555555555555556666666666666666666666666666666666666666677777777777777777777777777777788888888888888888888888888999999999999999999999999999999999999999999999999988888888888888888888888877777777777777777777777777666666666666666666666666666666655555555555555555555555555555555555555555544444444444444444444444444444444444444444444444444444444444444444444444444444444444444
999999999999999999999999999999999999999988888888888888888888888888877777777777777777777777777777776666666666666666666666666666666666666666666655555555555555555555555555555555555555555555555555555555555555555555555555555555555555555555556666666666666666666666666666666666666666666677777777777777777777777777777778888888888888888888888888889999999999999999999999999999999999999999999999999888888888888888888888888777777777777777777777777776666666666666666666666666666655555555555555555555555555555555555555544444444444444444444444444444444444444444444444444444444444444444444444444444444444444444444444
999999999999999999999999999999999999999999998888888888888888888888888888777777777777777777777777777777776666666666666666666666666666666666666666666666666655555555555555555555555555555555555555555555555555555555555555555555556666666666666666666666666666666666666666666666666677777777777777777777777777777777888888888888888888888888888899999999999999999999999999999999999999999999999998888888888888888888888887777777777777777777777777666666666666666666666666666665555555555555555555555555555555555555444444444444444444444444444444444444444444444444444444444444444444444444444444444444444444444444444444
999999999999999999999999999999999999999999999999988888888888888888888888888877777777777777777777777777777777776666666666666666666666666666666666666666666666666666666666666665555555555555555555555555555555566666666666666666666666666666666666666666666666666666666666666677777777777777777777777777777777778888888888888888888888888889999999999999999999999999999999999999999999999999988888888888888888888888877777777777777777777777776666666666666666666666666666555555555555555555555555555555555554444444444444444444444444444444444444444444444444444444444444444444444444444444444444444444444444444444444444
888999999999999999999999999999999999999999999999999998888888888888888888888888888777777777777777777777777777777777777666666666666666666666666666666666666666666666666666666666666666666666666666666666666666666666666666666666666666666666666666666666666666666666666777777777777777777777777777777777777888888888888888888888888888899999999999999999999999999999999999999999999999999888888888888888888888888777777777777777777777777766666666666666666666666666655555555555555555555555555555555544444444444444444444444444444444444444444444444444444444333333333333333333333333333333333333333333333333333344444444
888888899999999999999999999999999999999999999999999999999888888888888888888888888888887777777777777777777777777777777777777766666666666666666666666666666666666666666666666666666666666666666666666666666666666666666666666666666666666666666666666666666666667777777777777777777777777777777777777788888888888888888888888888888999999999999999999999999999999999999999999999999998888888888888888888888887777777777777777777777777666666666666666666666666666555555555555555555555555555555544444444444444444444444444444444444444444444444433333333333333333333333333333333333333333333333333333333333333333333333333
888888888889999999999999999999999999999999999999999999999999998888888888888888888888888888877777777777777777777777777777777777777777666666666666666666666666666666666666666666666666666666666666666666666666666666666666666666666666666666666666666666777777777777777777777777777777777777777778888888888888888888888888888899999999999999999999999999999999999999999999999999988888888888888888888888877777777777777777777777776666666666666666666666666655555555555555555555555555555554444444444444444444444444444444444444444443333333333333333333333333333333333333333333333333333333333333333333333333333333333333
888888888888888999999999999999999999999999999999999999999999999999888888888888888888888888888888877777777777777777777777777777777777777777776666666666666666666666666666666666666666666666666666666666666666666666666666666666666666666666666677777777777777777777777777777777777777777778888888888888888888888888888888999999999999999999999999999999999999999999999999999888888888888888888888888777777777777777777777777766666666666666666666666666555555555555555555555555555554444444444444444444444444444444444444444333333333333333333333333333333333333333333333333333333333333333333333333333333333333333333333
888888888888888888899999999999999999999999999999999999999999999999999988888888888888888888888888888888777777777777777777777777777777777777777777777777766666666666666666666666666666666666666666666666666666666666666666666666666667777777777777777777777777777777777777777777777777888888888888888888888888888888899999999999999999999999999999999999999999999999999998888888888888888888888887777777777777777777777777666666666666666666666666655555555555555555555555555555444444444444444444444444444444444444433333333333333333333333333333333333333333333333333333333333333333333333333333333333333333333333333333
888888888888888888888899999999999999999999999999999999999999999999999999999888888888888888888888888888888888777777777777777777777777777777777777777777777777777777777766666666666666666666666666666666666666666666667777777777777777777777777777777777777777777777777777777777888888888888888888888888888888888999999999999999999999999999999999999999999999999999998888888888888888888888887777777777777777777777776666666666666666666666666555555555555555555555555555544444444444444444444444444444444444333333333333333333333333333333333333333333333333333333333333333333333333333333333333333333333333333333333333
778888888888888888888888889999999999999999999999999999999999999999999999999999998888888888888888888888888888888888777777777777777777777777777777777777777777777777777777777777777777777777777777777777777777777777777777777777777777777777777777777777777777777777777777888888888888888888888888888888888899999999999999999999999999999999999999999999999999999988888888888888888888888877777777777777777777777766666666666666666666666665555555555555555555555555555444444444444444444444444444444444333333333333333333333333333333333333333333333333333333333333322222222222222222222222222222222222222333333333333333
777777888888888888888888888888999999999999999999999999999999999999999999999999999999888888888888888888888888888888888888877777777777777777777777777777777777777777777777777777777777777777777777777777777777777777777777777777777777777777777777777777777777777778888888888888888888888888888888888888999999999999999999999999999999999999999999999999999999888888888888888888888888777777777777777777777777666666666666666666666666655555555555555555555555555544444444444444444444444444444444433333333333333333333333333333333333333333333333333222222222222222222222222222222222222222222222222222222222222222222222
777777777888888888888888888888888899999999999999999999999999999999999999999999999999999998888888888888888888888888888888888888887777777777777777777777777777777777777777777777777777777777777777777777777777777777777777777777777777777777777777777777777788888888888888888888888888888888888888899999999999999999999999999999999999999999999999999999998888888888888888888888888777777777777777777777777666666666666666666666666655555555555555555555555555444444444444444444444444444444433333333333333333333333333333333333333333333322222222222222222222222222222222222222222222222222222222222222222222222222222222
777777777777788888888888888888888888899999999999999999999999999999999999999999999999999999999988888888888888888888888888888888888888888777777777777777777777777777777777777777777777777777777777777777777777777777777777777777777777777777777777777888888888888888888888888888888888888888889999999999999999999999999999999999999999999999999999999998888888888888888888888887777777777777777777777776666666666666666666666666555555555555555555555555554444444444444444444444444444443333333333333333333333333333333333333333332222222222222222222222222222222222222222222222222222222222222222222222222222222222222222
777777777777777788888888888888888888888889999999999999999999999999999999999999999999999999999999999888888888888888888888888888888888888888888888777777777777777777777777777777777777777777777777777777777777777777777777777777777777777777888888888888888888888888888888888888888888888999999999999999999999999999999999999999999999999999999999988888888888888888888888887777777777777777777777776666666666666666666666665555555555555555555555555544444444444444444444444444444433333333333333333333333333333333333333222222222222222222222222222222222222222222222222222222222222222222222222222222222222222222222222
777777777777777777778888888888888888888888889999999999999999999999999999999999999999999999999999999999998888888888888888888888888888888888888888888888888877777777777777777777777777777777777777777777777777777777777777777777778888888888888888888888888888888888888888888888888899999999999999999999999999999999999999999999999999999999999988888888888888888888888877777777777777777777777776666666666666666666666665555555555555555555555555444444444444444444444444444443333333333333333333333333333333333333222222222222222222222222222222222222222222222222222222222222222222222222222222222222222222222222222222
777777777777777777777778888888888888888888888888999999999999999999999999999999999999999999999999999999999999988888888888888888888888888888888888888888888888888888888888777777777777777777777777777777777777777777888888888888888888888888888888888888888888888888888888888889999999999999999999999999999999999999999999999999999999999999888888888888888888888888877777777777777777777777766666666666666666666666655555555555555555555555555444444444444444444444444444433333333333333333333333333333333333222222222222222222222222222222222222222222222222222222222222222222222222222222222222222222222222222222222222
667777777777777777777777778888888888888888888888888999999999999999999999999999999999999999999999999999999999999999888888888888888888888888888888888888888888888888888888888888888888888888888888888888888888888888888888888888888888888888888888888888888888888888888888999999999999999999999999999999999999999999999999999999999999999888888888888888888888888877777777777777777777777766666666666666666666666655555555555555555555555554444444444444444444444444444333333333333333333333333333333333222222222222222222222222222222222222222222222222222222222222211111111111111111111111111111111111112222222222222222
666667777777777777777777777778888888888888888888888888899999999999999999999999999999999999999999999999999999999999999999888888888888888888888888888888888888888888888888888888888888888888888888888888888888888888888888888888888888888888888888888888888888888888999999999999999999999999999999999999999999999999999999999999999998888888888888888888888888877777777777777777777777766666666666666666666666655555555555555555555555554444444444444444444444444443333333333333333333333333333333322222222222222222222222222222222222222222222222222221111111111111111111111111111111111111111111111111111111111111111112
666666667777777777777777777777778888888888888888888888888899999999999999999999999999999999999999999999999999999999999999999998888888888888888888888888888888888888888888888888888888888888888888888888888888888888888888888888888888888888888888888888888888899999999999999999999999999999999999999999999999999999999999999999998888888888888888888888888877777777777777777777777766666666666666666666666655555555555555555555555554444444444444444444444444433333333333333333333333333333333222222222222222222222222222222222222222222222211111111111111111111111111111111111111111111111111111111111111111111111111111
666666666667777777777777777777777777888888888888888888888888889999999999999999999999999999999999999999999999999999999999999999999999888888888888888888888888888888888888888888888888888888888888888888888888888888888888888888888888888888888888888888999999999999999999999999999999999999999999999999999999999999999999999988888888888888888888888888777777777777777777777777766666666666666666666666655555555555555555555555554444444444444444444444444433333333333333333333333333333332222222222222222222222222222222222222222221111111111111111111111111111111111111111111111111111111111111111111111111111111111111
666666666666667777777777777777777777777888888888888888888888888889999999999999999999999999999999999999999999999999999999999999999999999999888888888888888888888888888888888888888888888888888888888888888888888888888888888888888888888888888888999999999999999999999999999999999999999999999999999999999999999999999999988888888888888888888888888777777777777777777777777766666666666666666666666655555555555555555555555554444444444444444444444444433333333333333333333333333333322222222222222222222222222222222222222221111111111111111111111111111111111111111111111111111111111111111111111111111111111111111111
666666666666666667777777777777777777777778888888888888888888888888889999999999999999999999999999999999999999999999999999999999999999999999999999988888888888888888888888888888888888888888888888888888888888888888888888888888888888888889999999999999999999999999999999999999999999999999999999999999999999999999999988888888888888888888888888877777777777777777777777766666666666666666666666655555555555555555555555554444444444444444444444444433333333333333333333333333333222222222222222222222222222222222222221111111111111111111111111111111111111111111111111111111111111111111111111111111111111111111111111
666666666666666666677777777777777777777777778888888888888888888888888889999999999999999999999999999999999999999999999999999999999999999999999999999999999988888888888888888888888888888888888888888888888888888888888888888888889999999999999999999999999999999999999999999999999999999999999999999999999999999999988888888888888888888888888877777777777777777777777776666666666666666666666665555555555555555555555554444444444444444444444444433333333333333333333333333332222222222222222222222222222222222222111111111111111111111111111111111111111111111111111111111111111111111111111111111111111111111111111111
666666666666666666666677777777777777777777777778888888888888888888888888889999999999999999999999999999999999999999999999999999999999999999999999999999999999999999998888888888888888888888888888888888888888888888888899999999999999999999999999999999999999999999999999999999999999999999999999999999999999999988888888888888888888888888877777777777777777777777776666666666666666666666665555555555555555555555554444444444444444444444444433333333333333333333333333332222222222222222222222222222222222211111111111111111111111111111111111111111111111111111111111111111111111111111111111111111111111111111111111
666666666666666666666666777777777777777777777777778888888888888888888888888888999999999999999999999999999999999999999999999999999999999999999999999999999999999999999999999999999999999888888888888999999999999999999999999999999999999999999999999999999999999999999999999999999999999999999999999999999999888888888888888888888888888877777777777777777777777776666666666666666666666666555555555555555555555555444444444444444444444444433333333333333333333333333332222222222222222222222222222222222111111111111111111111111111111111111111111111111111111111111111111111111111111111111111111111111111111111111111
555666666666666666666666666777777777777777777777777788888888888888888888888888889999999999999999999999999999999999999999999999999999999999999999999999999999999999999999999999999999999999999999999999999999999999999999999999999999999999999999999999999999999999999999999999999999999999999999999999999988888888888888888888888888887777777777777777777777777666666666666666666666666555555555555555555555555444444444444444444444444433333333333333333333333333332222222222222222222222222222222221111111111111111111111111111111111111111111111111111111111000000000000000000000000000000000000000000000011111111111
555556666666666666666666666667777777777777777777777777788888888888888888888888888889999999999999999999999999999999999999999999999999999999999999999999999999999999999999999999999999999999999999999999999999999999999999999999999999999999999999999999999999999999999999999999999999999999999999999999988888888888888888888888888887777777777777777777777777766666666666666666666666655555555555555555555555544444444444444444444444443333333333333333333333333332222222222222222222222222222222221111111111111111111111111111111111111111111111111110000000000000000000000000000000000000000000000000000000000000000001
555555566666666666666666666666677777777777777777777777777888888888888888888888888888889999999999999999999999999999999999999999999999999999999999999999999999999999999999999999999999999999999999999999999999999999999999999999999999999999999999999999999999999999999999999999999999999999999999999988888888888888888888888888888777777777777777777777777776666666666666666666666665555555555555555555555554444444444444444444444444333333333333333333333333333222222222222222222222222222222211111111111111111111111111111111111111111111111100000000000000000000000000000000000000000000000000000000000000000000000000
555555555666666666666666666666666677777777777777777777777778888888888888888888888888888889999999999999999999999999999999999999999999999999999999999999999999999999999999999999999999999999999999999999999999999999999999999999999999999999999999999999999999999999999999999999999999999999999999988888888888888888888888888888877777777777777777777777776666666666666666666666666555555555555555555555555444444444444444444444444433333333333333333333333333222222222222222222222222222222211111111111111111111111111111111111111111111100000000000000000000000000000000000000000000000000000000000000000000000000000000
555555555556666666666666666666666667777777777777777777777777778888888888888888888888888888899999999999999999999999999999999999999999999999999999999999999999999999999999999999999999999999999999999999999999999999999999999999999999999999999999999999999999999999999999999999999999999999999998888888888888888888888888888877777777777777777777777777766666666666666666666666655555555555555555555555544444444444444444444444443333333333333333333333333322222222222222222222222222222221111111111111111111111111111111111111111110000000000000000000000000000000000000000000000000000000000000000000000000000000000000
555555555555566666666666666666666666677777777777777777777777777788888888888888888888888888888899999999999999999999999999999999999999999999999999999999999999999999999999999999999999999999999999999999999999999999999999999999999999999999999999999999999999999999999999999999999999999999998888888888888888888888888888887777777777777777777777777776666666666666666666666665555555555555555555555554444444444444444444444444333333333333333333333333332222222222222222222222222222221111111111111111111111111111111111111111100000000000000000000000000000000000000000000000000000000000000000000000000000000000000000
555555555555556666666666666666666666666777777777777777777777777777888888888888888888888888888888999999999999999999999999999999999999999999999999999999999999999999999999999999999999999999999999999999999999999999999999999999999999999999999999999999999999999999999999999999999999999999888888888888888888888888888888777777777777777777777777777666666666666666666666666655555555555555555555555544444444444444444444444433333333333333333333333333222222222222222222222222222222111111111111111111111111111111111111111100000000000000000000000000000000000000000000000000000000000000000000000000000000000000000000
555555555555555566666666666666666666666667777777777777777777777777788888888888888888888888888888888999999999999999999999999999999999999999999999999999999999999999999999999999999999999999999999999999999999999999999999999999999999999999999999999999999999999999999999999999999999999888888888888888888888888888888887777777777777777777777777766666666666666666666666665555555555555555555555554444444444444444444444443333333333333333333333333322222222222222222222222222222211111111111111111111111111111111111111000000000000000000000000000000000000000000000000000000000000000000000000000000000000000000000000
555555555555555556666666666666666666666666777777777777777777777777777888888888888888888888888888888889999999999999999999999999999999999999999999999999999999999999999999999999999999999999999999999999999999999999999999999999999999999999999999999999999999999999999999999999999999988888888888888888888888888888888777777777777777777777777777666666666666666666666666655555555555555555555555544444444444444444444444433333333333333333333333333222222222222222222222222222221111111111111111111111111111111111111100000000000000000000000000000000000000000000000000000000000000000000000000000000000000000000000000
555555555555555555566666666666666666666666667777777777777777777777777778888888888888888888888888888888899999999999999999999999999999999999999999999999999999999999999999999999999999999999999999999999999999999999999999999999999999999999999999999999999999999999999999999999999998888888888888888888888888888888877777777777777777777777777766666666666666666666666665555555555555555555555554444444444444444444444444333333333333333333333333322222222222222222222222222222111111111111111111111111111111111111100000000000000000000000000000000000000000000000000000000000000000000000000000000000000000000000000000
555555555555555555556666666666666666666666666777777777777777777777777777888888888888888888888888888888889999999999999999999999999999999999999999999999999999999999999999999999999999999999999999999999999999999999999999999999999999999999999999999999999999999999999999999999999988888888888888888888888888888888777777777777777777777777777666666666666666666666666655555555555555555555555544444444444444444444444433333333333333333333333333222222222222222222222222222221111111111111111111111111111111111110000000000000000000000000000000000000000000000000000000000000000000000000000000000000000000000000000000
555555555555555555555666666666666666666666666677777777777777777777777777788888888888888888888888888888888899999999999999999999999999999999999999999999999999999999999999999999999999999999999999999999999999999999999999999999999999999999999999999999999999999999999999999999998888888888888888888888888888888887777777777777777777777777776666666666666666666666666555555555555555555555555444444444444444444444444333333333333333333333333332222222222222222222222222222111111111111111111111111111111111111000000000000000000000000000000000000000000000000000000000000000000000000000000000000000000000000000000000
555555555555555555555566666666666666666666666667777777777777777777777777778888888888888888888888888888888889999999999999999999999999999999999999999999999999999999999999999999999999999999999999999999999999999999999999999999999999999999999999999999999999999999999999999999988888888888888888888888888888888877777777777777777777777777766666666666666666666666665555555555555555555555554444444444444444444444443333333333333333333333333322222222222222222222222222221111111111111111111111111111111111100000000000000000000000000000000000000000000000000000000000000000000000000000000000000000000000000000000000
555555555555555555555556666666666666666666666666777777777777777777777777777888888888888888888888888888888888899999999999999999999999999999999999999999999999999999999999999999999999999999999999999999999999999999999999999999999999999999999999999999999999999999999999999998888888888888888888888888888888888777777777777777777777777777666666666666666666666666655555555555555555555555544444444444444444444444443333333333333333333333333222222222222222222222222222211111111111111111111111111111111111000000000000000000000000000000000000000000000000000000000000000000000000000000000000000000000000000000000000
555555555555555555555556666666666666666666666666777777777777777777777777777788888888888888888888888888888888889999999999999999999999999999999999999999999999999999999999999999999999999999999999999999999999999999999999999999999999999999999999999999999999999999999999999988888888888888888888888888888888887777777777777777777777777776666666666666666666666666655555555555555555555555544444444444444444444444433333333333333333333333332222222222222222222222222222111111111111111111111111111111111110000000000000000000000000000000000000000000000000000000000000000000000000000000000000000000000000000000000000
555555555555555555555555666666666666666666666666677777777777777777777777777778888888888888888888888888888888888999999999999999999999999999999999999999999999999999999999999999999999999999999999999999999999999999999999999999999999999999999999999999999999999999999999999888888888888888888888888888888888877777777777777777777777777776666666666666666666666666555555555555555555555555444444444444444444444444333333333333333333333333332222222222222222222222222222111111111111111111111111111111111100000000000000000000000000000000000000000000000000000000000000000000000000000000000000000000000000000000000000
555555555555555555555555666666666666666666666666677777777777777777777777777778888888888888888888888888888888888999999999999999999999999999999999999999999999999999999999999999999999999999999999999999999999999999999999999999999999999999999999999999999999999999999999999888888888888888888888888888888888877777777777777777777777777776666666666666666666666666555555555555555555555555444444444444444444444444333333333333333333333333322222222222222222222222222221111111111111111111111111111111111000000000000000000000000000000000000000000000000000000000000000000000000000000000000000000000000000000000000000
555555555555555555555555566666666666666666666666667777777777777777777777777777888888888888888888888888888888888899999999999999999999999999999999999999999999999999999999999999999999999999999999999999999999999999999999999999999999999999999999999999999999999999999999998888888888888888888888888888888888777777777777777777777777777766666666666666666666666665555555555555555555555555444444444444444444444444333333333333333333333333322222222222222222222222222221111111111111111111111111111111111000000000000000000000000000000000000000000000000000000000000000000000000000000000000000000000000000000000000000
555555555555555555555555566666666666666666666666667777777777777777777777777777888888888888888888888888888888888899999999999999999999999999999999999999999999999999999999999999999999999999999999999999999999999999999999999999999999999999999999999999999999999999999999998888888888888888888888888888888888777777777777777777777777777766666666666666666666666665555555555555555555555555444444444444444444444444333333333333333333333333322222222222222222222222222221111111111111111111111111111111111000000000000000000000000000000000000000000000000000000000000000000000000000000000000000000000000000000000000000
555555555555555555555555566666666666666666666666667777777777777777777777777777888888888888888888888888888888888899999999999999999999999999999999999999999999999999999999999999999999999999999999999999999999999999999999999999999999999999999999999999999999999999999999998888888888888888888888888888888888777777777777777777777777777766666666666666666666666665555555555555555555555555444444444444444444444444333333333333333333333333322222222222222222222222222221111111111111111111111111111111111000000000000000000000000000000000000000000000000000000000000000000000000000000000000000000000000000000000000000
555555555555555555555555666666666666666666666666667777777777777777777777777778888888888888888888888888888888888999999999999999999999999999999999999999999999999999999999999999999999999999999999999999999999999999999999999999999999999999999999999999999999999999999999999888888888888888888888888888888888777777777777777777777777777766666666666666666666666666555555555555555555555555444444444444444444444444333333333333333333333333322222222222222222222222222221111111111111111111111111111111111000000000000000000000000000000000000000000000000000000000000000000000000000000000000000000000000000000000000000
555555555555555555555555666666666666666666666666677777777777777777777777777778888888888888888888888888888888888999999999999999999999999999999999999999999999999999999999999999999999999999999999999999999999999999999999999999999999999999999999999999999999999999999999999888888888888888888888888888888888877777777777777777777777777776666666666666666666666666555555555555555555555555444444444444444444444444333333333333333333333333322222222222222222222222222221111111111111111111111111111111111100000000000000000000000000000000000000000000000000000000000000000000000000000000000000000000000000000000000000
555555555555555555555555666666666666666666666666677777777777777777777777777778888888888888888888888888888888889999999999999999999999999999999999999999999999999999999999999999999999999999999999999999999999999999999999999999999999999999999999999999999999999999999999999988888888888888888888888888888888877777777777777777777777777776666666666666666666666666555555555555555555555555444444444444444444444444433333333333333333333333332222222222222222222222222222111111111111111111111111111111111100000000000000000000000000000000000000000000000000000000000000000000000000000000000000000000000000000000000000
555555555555555555555556666666666666666666666666777777777777777777777777777788888888888888888888888888888888899999999999999999999999999999999999999999999999999999999999999999999999999999999999999999999999999999999999999999999999999999999999999999999999999999999999999998888888888888888888888888888888887777777777777777777777777777666666666666666666666666655555555555555555555555544444444444444444444444433333333333333333333333332222222222222222222222222222211111111111111111111111111111111110000000000000000000000000000000000000000000000000000000000000000000000000000000000000000000000000000000000000
555555555555555555555556666666666666666666666666777777777777777777777777777888888888888888888888888888888888999999999999999999999999999999999999999999999999999999999999999999999999999999999999999999999999999999999999999999999999999999999999999999999999999999999999999999888888888888888888888888888888888777777777777777777777777777666666666666666666666666655555555555555555555555554444444444444444444444443333333333333333333333333222222222222222222222222222211111111111111111111111111111111111000000000000000000000000000000000000000000000000000000000000000000000000000000000000000000000000000000000000
555555555555555555555566666666666666666666666667777777777777777777777777778888888888888888888888888888888889999999999999999999999999999999999999999999999999999999999999999999999999999999999999999999999999999999999999999999999999999999999999999999999999999999999999999999988888888888888888888888888888888877777777777777777777777777766666666666666666666666665555555555555555555555554444444444444444444444444333333333333333333333333322222222222222222222222222221111111111111111111111111111111111110000000000000000000000000000000000000000000000000000000000000000000000000000000000000000000000000000000000
555555555555555555555666666666666666666666666677777777777777777777777777788888888888888888888888888888888899999999999999999999999999999999999999999999999999999999999999999999999999999999999999999999999999999999999999999999999999999999999999999999999999999999999999999999998888888888888888888888888888888887777777777777777777777777776666666666666666666666666555555555555555555555555444444444444444444444444433333333333333333333333332222222222222222222222222222211111111111111111111111111111111111000000000000000000000000000000000000000000000000000000000000000000000000000000000000000000000000000000000